Initialize MPU AD0H
Initialize BNO055 ADD1
BNO;14;925;-50;-15;20;21;185;391;-182;
MPU;16600;-48;1492;-121;-151;83;-121;-151;83;
2922
BNO;15;925;-52;-12;-10;6;167;391;-176;
MPU;16612;36;1440;-122;-171;110;-122;-171;110;
2922
BNO;11;925;-50;-13;-2;13;185;415;-188;
MPU;16616;8;1452;-138;-148;66;-138;-148;66;
2922
BNO;13;926;-48;-21;-29;24;190;397;-164;
MPU;16536;8;1560;-156;-170;73;-156;-170;73;
2921
BNO;14;925;-50;-22;-40;30;161;391;-182;
MPU;16560;40;1496;-100;-141;104;-100;-141;104;
2921
BNO;15;924;-47;-27;-14;18;179;391;-195;
MPU;16668;8;1508;-105;-165;81;-105;-165;81;
2923
BNO;14;925;-56;-16;-24;24;161;379;-176;
MPU;16616;40;1408;-93;-130;76;-93;-130;76;
2921
BNO;14;925;-59;-7;1;8;161;379;-188;
MPU;16592;48;1504;-128;-138;68;-128;-138;68;
2921
BNO;14;924;-57;-12;-7;4;185;379;-182;
MPU;16588;28;1360;-111;-137;91;-111;-137;91;
2922
BNO;13;925;-54;-12;-22;24;167;391;-182;
MPU;16608;56;1448;-111;-160;94;-111;-160;94;
2921
BNO;15;925;-50;-13;-13;12;196;374;-176;
MPU;16532;24;1512;-96;-118;84;-96;-118;84;
2921
BNO;15;926;-52;-4;-12;13;185;379;-182;
MPU;16600;20;1488;-128;-149;103;-128;-149;103;
2922
BNO;15;926;-48;-23;7;31;185;391;-170;
MPU;16532;-16;1376;-119;-174;62;-119;-174;62;
2921
BNO;12;925;-50;-14;-20;16;167;385;-182;
MPU;16544;56;1464;-147;-181;54;-147;-181;54;
2923
BNO;14;925;-48;-24;11;19;190;403;-182;
MPU;16496;0;1388;-108;-166;51;-108;-166;51;
2921
BNO;14;927;-50;-16;1;30;179;397;-164;
MPU;16620;40;1416;-93;-138;82;-93;-138;82;
2923
BNO;13;926;-52;-24;-13;12;179;403;-182;
MPU;16612;-8;1452;-136;-182;78;-136;-182;78;
2921
BNO;13;926;-51;-24;-25;16;179;397;-188;
MPU;16632;-56;1520;-118;-94;93;-118;-94;93;
2921
BNO;13;927;-64;-23;-14;20;196;391;-170;
MPU;16620;28;1496;-116;-138;63;-116;-138;63;
2922

